name: app_intensity
channels:
  - plotly
  - anaconda
  - conda-forge
  - defaults
dependencies:
  - altgraph=0.17.3=pyhd8ed1ab_0
  - appdirs=1.4.4=pyhd3eb1b0_0
  - blas=1.0=mkl
  - blinker=1.6.2=pyhd8ed1ab_0
  - bottleneck=1.3.5=py39h080aedc_0
  - brotli-python=1.0.9=py39h99910a6_8
  - brotlipy=0.7.0=py39h2bbff1b_1003
  - bzip2=1.0.8=h8ffe710_4
  - ca-certificates=2023.5.7=h56e8100_0
  - certifi=2023.5.7=pyhd8ed1ab_0
  - cffi=1.15.1=py39h2bbff1b_3
  - charset-normalizer=2.0.4=pyhd3eb1b0_0
  - click=8.1.3=win_pyhd8ed1ab_2
  - colorama=0.4.6=pyhd8ed1ab_0
  - cryptography=38.0.4=py39h21b164f_0
  - dash=2.9.3=pyhd8ed1ab_0
  - dash-bootstrap-components=1.4.1=pyhd8ed1ab_0
  - et_xmlfile=1.1.0=py39haa95532_0
  - fftw=3.3.9=h2bbff1b_1
  - flask=2.3.1=pyhd8ed1ab_1
  - flask-compress=1.13=pyhd8ed1ab_0
  - future=0.18.3=pyhd8ed1ab_0
  - icc_rt=2022.1.0=h6049295_2
  - idna=3.4=py39haa95532_0
  - importlib-metadata=6.6.0=pyha770c72_0
  - intel-openmp=2021.4.0=haa95532_3556
  - itsdangerous=2.1.2=pyhd8ed1ab_0
  - jinja2=3.1.2=pyhd8ed1ab_1
  - libffi=3.4.2=h8ffe710_5
  - libsqlite=3.40.0=hcfcfb64_1
  - libzlib=1.2.13=hcfcfb64_4
  - macholib=1.16.2=pyhd8ed1ab_0
  - markupsafe=2.1.2=py39ha55989b_0
  - mkl=2021.4.0=haa95532_640
  - mkl-service=2.4.0=py39h2bbff1b_0
  - mkl_fft=1.3.1=py39h277e83a_0
  - mkl_random=1.2.2=py39hf11a4ad_0
  - mvgavg=0.1.0=pyh9f0ad1d_0
  - numexpr=2.8.4=py39h5b0cc5e_0
  - numpy=1.23.5=py39h3b20f71_0
  - numpy-base=1.23.5=py39h4da318b_0
  - openpyxl=3.0.10=py39h2bbff1b_0
  - openssl=3.1.0=hcfcfb64_3
  - packaging=22.0=py39haa95532_0
  - pandas=1.5.2=py39hf11a4ad_0
  - pefile=2023.2.7=pyhd8ed1ab_0
  - pip=23.1.2=pyhd8ed1ab_0
  - plotly=5.14.1=py_0
  - pooch=1.4.0=pyhd3eb1b0_0
  - pycparser=2.21=pyhd3eb1b0_0
  - pyinstaller=5.10.1=py39h84a0465_0
  - pyinstaller-hooks-contrib=2023.2=pyhd8ed1ab_0
  - pyopenssl=22.0.0=pyhd3eb1b0_0
  - pysocks=1.7.1=py39haa95532_0
  - python=3.9.16=h4de0772_0_cpython
  - python-dateutil=2.8.2=pyhd3eb1b0_0
  - python_abi=3.9=3_cp39
  - pytz=2022.7=py39haa95532_0
  - pywin32=304=py39h99910a6_2
  - pywin32-ctypes=0.2.0=py39hcbf5309_1006
  - requests=2.28.1=py39haa95532_0
  - scipy=1.10.0=py39h321e85e_0
  - setuptools=67.7.2=pyhd8ed1ab_0
  - six=1.16.0=pyhd3eb1b0_1
  - tenacity=8.2.2=pyhd8ed1ab_0
  - tk=8.6.12=h8ffe710_0
  - tzdata=2023c=h71feb2d_0
  - ucrt=10.0.22621.0=h57928b3_0
  - urllib3=1.26.14=py39haa95532_0
  - vc=14.3=h3d8a991_11
  - vs2015_runtime=14.34.31931=h4c5c07a_11
  - werkzeug=2.3.2=pyhd8ed1ab_0
  - wheel=0.40.0=pyhd8ed1ab_0
  - win_inet_pton=1.1.0=py39haa95532_0
  - xz=5.2.6=h8d14728_0
  - zipp=3.15.0=pyhd8ed1ab_0
prefix: C:\Users\alien\anaconda3\envs\app_intensity
